       Mass(Msol)       Age (Myr)
       1.0246264     0.070000000
      0.44102913     0.070000000
       1.7615482     0.070000000
      0.63532821     0.070000000
       2.3502791     0.070000000
       3.8016308     0.070000000
      0.66222109     0.070000000
       2.7656557     0.070000000
       8.8636565     0.070000000
       2.8205850     0.070000000
       2.1340097     0.070000000
       2.6080457     0.070000000
      0.66051468     0.070000000
      0.35298050     0.070000000
      0.63857792     0.070000000
      0.45410452     0.070000000
       1.0761266     0.090000000
     0.068801962     0.090000000
       1.3603562     0.090000000
       9.9867488     0.090000000
       8.9490365     0.090000000
       1.9359692     0.090000000
      0.72963688     0.090000000
       1.3505955     0.090000000
       1.0838153     0.090000000
       3.1880642     0.090000000
       1.0749805     0.090000000
       4.7425459     0.090000000
       5.8589173     0.090000000
      0.32449992     0.090000000
       1.2067859     0.090000000
      0.34901077     0.090000000
       1.5993072      0.10000000
      0.74119417      0.10000000
       3.4917215      0.10000000
      0.84706454      0.10000000
      0.96744684      0.10000000
      0.54363152      0.10000000
       7.9893438      0.10000000
       2.7186028      0.10000000
       2.6630744      0.10000000
       1.9101827      0.10000000
      0.69151926      0.10000000
       2.2630407      0.10000000
       1.3461644      0.10000000
       1.5987609      0.10000000
       6.3915403      0.10000000
       2.1253496      0.10000000
       3.2791025      0.10000000
       1.1211081      0.10000000
       3.2598427      0.10000000
       2.7716027      0.10000000
       2.3054891      0.10000000
       10.431957      0.10000000
      0.62428824      0.10000000
       1.5611255      0.10000000
       4.1385941      0.10000000
      0.68910508      0.10000000
       2.6916499      0.10000000
       6.7443186      0.10000000
      0.53846156      0.10000000
       3.4631117      0.10000000
      0.60550416      0.10000000
       2.9404917      0.10000000
       8.0840399      0.10000000
       2.2150859      0.10000000
       2.9801381      0.10000000
       4.3351492      0.10000000
       3.0610260      0.10000000
      0.92981593      0.10000000
       1.1254156      0.10000000
       2.5645248      0.10000000
       1.8401722      0.11000000
      0.86756012      0.11000000
      0.19024770      0.11000000
       1.9894381      0.11000000
       2.6656270      0.11000000
       2.3554588      0.11000000
       1.9801216      0.11000000
       5.7199601      0.11000000
      0.81517046      0.11000000
       2.2359030      0.11000000
      0.41845335      0.11000000
       4.9674884      0.11000000
       2.1482028      0.11000000
       2.9040979      0.11000000
       4.2650574      0.11000000
       3.3920181      0.11000000
       2.1497352      0.11000000
       1.2872974      0.11000000
       5.1031715      0.11000000
      0.56626534      0.11000000
       1.1259048      0.11000000
       2.9868936      0.11000000
      0.84363165      0.11000000
      0.28851790      0.11000000
       1.9960871      0.11000000
      0.30275717      0.11000000
      0.88457587      0.11000000
       4.5934230      0.11000000
       5.3512838      0.11000000
      0.80314558      0.11000000
       1.6213037      0.11000000
       4.2814120      0.11000000
      0.55276205      0.11000000
      0.87606330      0.11000000
       1.1181398      0.11000000
      0.67746467      0.11000000
      0.47844064      0.11000000
       2.0750016      0.11000000
      0.85377630      0.11000000
       1.8270418      0.11000000
       2.2977840      0.11000000
      0.99806816      0.11000000
       4.6175844      0.11000000
       1.6655326      0.11000000
       3.9524875      0.11000000
       2.3368425      0.11000000
       3.1320078      0.11000000
      0.58916073      0.11000000
       7.1622955      0.11000000
       3.3529172      0.11000000
      0.89260847      0.11000000
       1.1904014      0.11000000
       1.4951927      0.11000000
       6.8439549      0.11000000
      0.90418913      0.11000000
       2.5226960      0.11000000
      0.31350705      0.12000000
      0.76302821      0.12000000
      0.40474223      0.12000000
       1.3261124      0.12000000
       4.2753945      0.12000000
       3.0491657      0.12000000
       5.7407581      0.12000000
      0.84662959      0.12000000
       1.6346163      0.12000000
       1.8443126      0.12000000
       1.6196598      0.12000000
       1.9417660      0.12000000
       1.6310786      0.12000000
       1.9376318      0.12000000
       7.7928596      0.12000000
       2.0571809      0.12000000
       1.1986126      0.12000000
       4.2428780      0.12000000
       3.3271619      0.12000000
       4.4610376      0.12000000
      0.95662659      0.12000000
       2.1671945      0.12000000
       4.0864515      0.12000000
       2.1185280      0.12000000
      0.47506740      0.12000000
       2.5894722      0.12000000
      0.54762531      0.12000000
       1.3114781      0.12000000
       6.1634976      0.12000000
       3.2424419      0.12000000
       1.1810374      0.12000000
       3.6329481      0.12000000
       1.5230915      0.12000000
       7.0190929      0.12000000
       9.5110867      0.12000000
       2.1570153      0.12000000
      0.74836378      0.12000000
       1.1713907      0.12000000
       2.6668407      0.12000000
      0.60054971      0.12000000
       1.4491760      0.12000000
      0.11812947      0.12000000
       7.0466665      0.12000000
       3.6878544      0.12000000
       1.6689778      0.12000000
       5.0310958      0.12000000
       1.3854506      0.12000000
       2.1294464      0.12000000
       1.1730573      0.12000000
       2.3823103      0.12000000
      0.83377081      0.12000000
       1.7091857      0.12000000
       1.2242185      0.12000000
      0.11209957      0.12000000
       6.9384579      0.12000000
       3.4936663      0.12000000
      0.26956189      0.13000000
       1.1715728      0.13000000
      0.76537884      0.13000000
       1.2761096      0.13000000
       10.011589      0.13000000
       4.3718612      0.13000000
       7.7480613      0.13000000
       3.1816677      0.13000000
       1.8866153      0.13000000
       1.3806327      0.13000000
      0.76126047      0.13000000
      0.31681413      0.13000000
      0.62298487      0.13000000
      0.25193512      0.13000000
       1.1195044      0.13000000
       2.0204657      0.13000000
       9.8160916      0.13000000
       1.7351161      0.13000000
       1.9990615      0.13000000
       6.7938883      0.13000000
       5.1326204      0.13000000
       2.3282631      0.13000000
       3.7723059      0.13000000
       3.1350283      0.13000000
       1.3811606      0.13000000
      0.45828743      0.13000000
       1.7475353      0.13000000
       1.8973339      0.13000000
       8.5932300      0.13000000
       7.8105313      0.13000000
       3.5850976      0.13000000
       3.0068435      0.13000000
       1.1483271      0.13000000
      0.93773449      0.13000000
      0.56414369      0.13000000
       1.2630415      0.13000000
       3.6543728      0.13000000
       10.083799      0.13000000
       1.3746466      0.13000000
       1.2744286      0.13000000
      0.68834444      0.13000000
      0.22140324      0.13000000
       1.8415375      0.13000000
       1.5571878      0.13000000
       2.0456044      0.13000000
       2.3584031      0.13000000
      0.48069804      0.13000000
       4.2184918      0.13000000
       2.2802788      0.13000000
       2.5054731      0.13000000
      0.23281289      0.13000000
       4.5877408      0.13000000
      0.84148460      0.13000000
       3.2357852      0.13000000
       3.7390935      0.13000000
      0.95519488      0.13000000
      0.52236495      0.13000000
       1.7708764      0.13000000
       1.1771103      0.13000000
      0.99478726      0.13000000
       1.7625947      0.13000000
       3.7214245      0.13000000
       1.0631184      0.13000000
       3.5997127      0.13000000
       1.3675962      0.13000000
       1.4300077      0.13000000
       7.1361134      0.13000000
       2.3681493      0.13000000
       1.0098940      0.13000000
       7.9375426      0.13000000
       1.7661729      0.13000000
       6.2795767      0.13000000
       1.8183448      0.13000000
      0.57274428      0.13000000
      0.63245236      0.13000000
       1.1261685      0.13000000
      0.35745882      0.13000000
       4.5564023      0.13000000
       9.9630199      0.13000000
      0.62451249      0.13000000
      0.51328314      0.14000000
       2.8180211      0.14000000
       1.6896523      0.14000000
       1.3792358      0.14000000
       8.5803704      0.14000000
       2.7575265      0.14000000
       7.6418049      0.14000000
       2.3505489      0.14000000
       2.7623761      0.14000000
       7.0475375      0.14000000
      0.94566982      0.14000000
      0.94069366      0.14000000
       9.7877736      0.14000000
       2.1590283      0.14000000
       1.9216540      0.14000000
       1.3342287      0.14000000
      0.96617300      0.14000000
      0.51047864      0.14000000
       2.9619840      0.14000000
      0.26774397      0.14000000
      0.89246618      0.14000000
       1.6333090      0.14000000
       2.1871710      0.14000000
       4.2312204      0.14000000
       1.7241856      0.14000000
      0.21891781      0.14000000
      0.77525788      0.14000000
       1.8594857      0.14000000
       4.0928397      0.14000000
      0.95849635      0.14000000
       2.5066122      0.14000000
       5.1368624      0.14000000
      0.80517893      0.14000000
       3.2511216      0.14000000
      0.54810938      0.14000000
       1.9222198      0.14000000
       8.1214567      0.14000000
       1.9566906      0.14000000
       3.7252692      0.14000000
       1.7828773      0.14000000
      0.66478821      0.14000000
       5.0390797      0.14000000
       6.2876474      0.14000000
       2.8862334      0.14000000
       3.4433708      0.14000000
       7.2387624      0.14000000
       5.6177614      0.14000000
      0.68790407      0.14000000
       1.3353377      0.14000000
      0.93609592      0.14000000
       6.7410865      0.14000000
       2.3801128      0.14000000
       8.4714437      0.14000000
       1.3822495      0.14000000
       2.9002080      0.14000000
       1.6526605      0.14000000
      0.32680205      0.14000000
      0.64871259      0.14000000
       2.0999155      0.14000000
       4.6852478      0.14000000
      0.73810025      0.14000000
       2.3828897      0.14000000
      0.74529121      0.14000000
       1.6680589      0.14000000
       5.4247822      0.14000000
      0.42001471      0.14000000
       1.8571387      0.14000000
       1.1861109      0.14000000
      0.46129153      0.14000000
       6.3999583      0.14000000
       2.0987020      0.14000000
      0.38529482      0.14000000
       3.3256395      0.14000000
       1.1510664      0.14000000
       1.0774310      0.14000000
      0.66603276      0.14000000
       4.8200748      0.14000000
       3.0655026      0.14000000
      0.59807175      0.14000000
      0.98685675      0.14000000
       5.0594305      0.14000000
       1.8943867      0.14000000
       1.8668678      0.14000000
       4.6057288      0.14000000
       1.1299257      0.14000000
      0.15484029      0.14000000
      0.18942848      0.14000000
      0.17557836      0.14000000
       3.0108974      0.14000000
       2.5017171      0.14000000
       4.1383627      0.14000000
       3.0403152      0.14000000
       3.4389808      0.14000000
       2.9385020      0.14000000
       1.0388066      0.14000000
       3.1974354      0.14000000
       5.2333984      0.14000000
       2.7414119      0.14000000
      0.49114887      0.14000000
      0.64184658      0.14000000
       8.1436995      0.14000000
       2.4502532      0.14000000
       1.6856147      0.14000000
       1.9653720      0.14000000
      0.51311300      0.14000000
      0.90746463      0.14000000
      0.25672514      0.14000000
       5.7824699      0.14000000
       2.1525384      0.14000000
       2.2391873      0.14000000
       2.7633016      0.14000000
       1.4987481      0.14000000
       1.5655217      0.14000000
      0.18520787      0.14000000
      0.84150627      0.14000000
       1.6661734      0.14000000
       2.3599978      0.14000000
      0.73617703      0.14000000
       1.2345427      0.14000000
       4.2847534      0.14000000
      0.24901404      0.14000000
       1.1425481      0.14000000
      0.90714324      0.14000000
      0.67044718      0.14000000
       6.4217439      0.14000000
       3.0548517      0.14000000
      0.31328815      0.14000000
       1.1168588      0.14000000
      0.32656827      0.14000000
       3.5891814      0.14000000
       5.5920702      0.14000000
       1.2299467      0.14000000
       1.7898914      0.14000000
      0.67932223      0.14000000
      0.68973242      0.14000000
      0.21372248      0.14000000
       1.1161443      0.14000000
       2.3087850      0.14000000
       1.6636543      0.14000000
       4.5496168      0.14000000
       2.0301956      0.14000000
      0.86978244      0.14000000
       1.5972180      0.14000000
       2.8903213      0.14000000
      0.45928171      0.14000000
      0.39516665      0.14000000
       5.2777517      0.14000000
      0.38549525      0.14000000
      0.61914977      0.14000000
       5.2139910      0.14000000
      0.96527576      0.14000000
       3.4948704      0.14000000
       2.2651313      0.14000000
       1.9287350      0.14000000
       1.2265476      0.14000000
       5.4800085      0.14000000
       1.6833968      0.14000000
       1.3512085      0.14000000
       3.3163756      0.14000000
      0.37782782      0.14000000
      0.30877939      0.14000000
       2.1407611      0.14000000
       3.4925029      0.14000000
      0.53521883      0.14000000
       2.2298928      0.14000000
      0.72196761      0.14000000
       4.6147084      0.14000000
       2.4927226      0.14000000
       6.3843306      0.14000000
      0.99199469      0.14000000
      0.62228988      0.14000000
       2.6384048      0.14000000
       2.8029503      0.14000000
      0.67796329      0.14000000
       3.3867107      0.14000000
       1.0153045      0.14000000
       2.5509535      0.14000000
       4.6843061      0.14000000
       4.0123617      0.14000000
      0.90663655      0.14000000
       2.0074405      0.14000000
      0.88005418      0.14000000
       1.1112409      0.14000000
       1.2537448      0.14000000
      0.24380377      0.15000000
       1.5536164      0.15000000
      0.16204780      0.15000000
       1.4392423      0.15000000
       2.6657911      0.15000000
       1.3777636      0.15000000
       1.2403793      0.15000000
       4.9451652      0.15000000
       3.5017120      0.15000000
       6.0998601      0.15000000
       1.1206711      0.15000000
      0.24120590      0.15000000
       2.7059941      0.15000000
       1.4413814      0.15000000
       3.2026076      0.15000000
       6.3914563      0.15000000
       2.8536527      0.15000000
       4.4376942      0.15000000
      0.58757874      0.15000000
       2.2545032      0.15000000
       1.5365161      0.15000000
       1.2829045      0.15000000
      0.56774311      0.15000000
       1.6261067      0.15000000
      0.34721740      0.15000000
       1.7213173      0.15000000
       3.2162902      0.15000000
       1.0812221      0.15000000
       1.2327673      0.15000000
       6.1936326      0.15000000
      0.55278740      0.15000000
       2.2900639      0.15000000
      0.50520106      0.15000000
       10.003882      0.15000000
       2.7451575      0.15000000
       6.2630837      0.15000000
       1.3254211      0.15000000
      0.43392941      0.15000000
       1.6002490      0.15000000
      0.88637934      0.15000000
       1.3001312      0.15000000
       1.6567397      0.15000000
      0.41863055      0.15000000
       8.6706164      0.15000000
       1.1647162      0.15000000
      0.87900662      0.15000000
      0.76465321      0.15000000
       7.0594737      0.15000000
       2.7625750      0.15000000
       4.1719610      0.15000000
      0.90127729      0.15000000
       1.4740502      0.15000000
       2.2743650      0.15000000
       1.6029691      0.15000000
       1.1850032      0.15000000
       9.6516951      0.15000000
       2.1840527      0.15000000
       1.0529957      0.15000000
      0.80640319      0.15000000
      0.41545081      0.15000000
       5.1679595      0.15000000
       10.028817      0.15000000
       2.7825120      0.15000000
       2.6613093      0.15000000
       3.1013224      0.15000000
       4.8706570      0.15000000
      0.88289153      0.15000000
      0.27760343      0.15000000
       2.3450894      0.15000000
      0.71029399      0.15000000
       4.5798164      0.15000000
       3.5288576      0.15000000
      0.88371684      0.15000000
       2.0777730      0.15000000
       2.1021135      0.15000000
      0.60760544      0.15000000
       6.7273643      0.15000000
      0.50538214      0.15000000
       4.1141668      0.15000000
      0.47339013      0.15000000
       1.7919981      0.15000000
      0.43091302      0.15000000
      0.44139138      0.15000000
       2.7277063      0.15000000
       2.3508195      0.15000000
       5.8327438      0.15000000
       7.3473430      0.15000000
       3.6181247      0.15000000
      0.12862351      0.15000000
       1.9096501      0.15000000
      0.80461277      0.15000000
       1.8626884      0.15000000
       5.7103021      0.15000000
       4.7246445      0.15000000
       6.8043737      0.15000000
       3.7514064      0.15000000
       1.0663936      0.15000000
       3.3893210      0.15000000
      0.40358217      0.15000000
      0.56535911      0.15000000
      0.88977084      0.15000000
       2.6158999      0.15000000
       1.0832932      0.15000000
       2.6360815      0.15000000
      0.32504609      0.15000000
      0.54918577      0.15000000
       2.1060272      0.15000000
     0.073637398      0.15000000
      0.40012984      0.15000000
       5.5813686      0.15000000
       6.8501338      0.15000000
       2.1693468      0.15000000
      0.72732573      0.15000000
       1.0807838      0.15000000
      0.30107407      0.15000000
       1.4269282      0.15000000
       2.9875173      0.15000000
       4.3395029      0.15000000
       3.3109566      0.15000000
      0.58114621      0.15000000
       1.3930060      0.15000000
       3.9261957      0.15000000
       1.4136248      0.15000000
       3.2594011      0.15000000
      0.51788177      0.15000000
       2.1538093      0.15000000
       1.1476904      0.15000000
       1.0845239      0.15000000
       1.5355533      0.15000000
       6.0728334      0.15000000
       1.7841003      0.15000000
      0.74189072      0.15000000
      0.85255563      0.15000000
       1.7678564      0.15000000
      0.81464790      0.15000000
      0.70745459      0.15000000
       2.4610548      0.15000000
       5.6508876      0.15000000
       1.7926103      0.15000000
       3.5880321      0.15000000
       2.0583654      0.15000000
       4.7876544      0.15000000
       3.4499126      0.15000000
       1.4726848      0.15000000
       2.3346692      0.16000000
       1.5481289      0.16000000
       5.2874350      0.16000000
       7.3715231      0.16000000
      0.76827288      0.16000000
      0.36779171      0.16000000
      0.86207583      0.16000000
       4.1532125      0.16000000
      0.74297891      0.16000000
       1.1452340      0.16000000
       1.3593371      0.16000000
       1.1084972      0.16000000
       2.0146953      0.16000000
       3.2189440      0.16000000
      0.96562031      0.16000000
       5.7810504      0.16000000
       5.6907731      0.16000000
       2.6337564      0.16000000
       1.4169335      0.16000000
       2.3230947      0.16000000
       5.0923466      0.16000000
      0.58846095      0.16000000
       2.1013050      0.16000000
      0.83133621      0.16000000
       2.4856448      0.16000000
       3.3566315      0.16000000
      0.44081649      0.16000000
      0.58375619      0.16000000
       2.9030595      0.16000000
       2.4323519      0.16000000
      0.90182258      0.16000000
       4.6935120      0.16000000
      0.42368201      0.16000000
       1.1234508      0.16000000
      0.24956374      0.16000000
       1.4407407      0.16000000
       1.2382648      0.16000000
      0.53547983      0.16000000
       3.8382086      0.16000000
       4.5033848      0.16000000
      0.20829831      0.16000000
      0.28678189      0.16000000
       10.414625      0.16000000
       4.3796566      0.16000000
       1.2841909      0.16000000
       2.8798018      0.16000000
      0.48988075      0.16000000
      0.60308162      0.16000000
       1.2117407      0.16000000
       5.1668622      0.16000000
       1.8029445      0.16000000
      0.88807712      0.16000000
       1.0894836      0.16000000
       3.0024427      0.16000000
      0.80754812      0.16000000
       2.2137530      0.16000000
       1.2253210      0.16000000
      0.75363159      0.16000000
       3.4954540      0.16000000
       3.7247388      0.16000000
       1.6231847      0.16000000
      0.69245354      0.16000000
       8.0371506      0.16000000
       1.7993488      0.16000000
       2.6867852      0.16000000
      0.72937578      0.16000000
       6.6639892      0.16000000
       1.8477410      0.16000000
       2.7975055      0.16000000
      0.38390210      0.16000000
       2.3333033      0.16000000
       4.8504810      0.16000000
       1.1303059      0.16000000
       1.2661000      0.16000000
       1.7391169      0.16000000
      0.46654045      0.16000000
       6.7610653      0.16000000
       1.3771643      0.16000000
       4.9901071      0.16000000
       4.8863541      0.16000000
      0.53172155      0.16000000
      0.38269411      0.16000000
      0.33316666      0.16000000
       1.0941258      0.16000000
      0.55488103      0.16000000
       2.9909596      0.16000000
       3.0785664      0.16000000
       4.2921682      0.16000000
      0.37297399      0.16000000
       1.8457660      0.16000000
       2.2569370      0.16000000
       2.6852309      0.16000000
       1.2204322      0.16000000
       3.2015804      0.16000000
       1.2909688      0.16000000
       1.7645774      0.16000000
      0.13686595      0.16000000
       2.2508548      0.16000000
       2.4352648      0.16000000
       3.1227709      0.16000000
       3.0926630      0.16000000
       1.2780508      0.16000000
      0.50075724      0.16000000
       3.2678426      0.16000000
       1.3486262      0.16000000
       1.7229775      0.16000000
       2.0937660      0.16000000
       4.7349779      0.16000000
       2.5090155      0.16000000
       2.9071280      0.16000000
       5.7607329      0.16000000
       2.0875686      0.16000000
       1.5648910      0.17000000
       1.0316156      0.17000000
      0.45000015      0.17000000
       1.7769977      0.17000000
       6.3507129      0.17000000
       1.2347943      0.17000000
      0.70265625      0.17000000
       1.1799759      0.17000000
       8.0055418      0.17000000
       1.6975218      0.17000000
       1.1166186      0.17000000
       9.5584736      0.17000000
       7.0053115      0.17000000
       1.6402839      0.17000000
       2.0715341      0.17000000
       1.1360689      0.17000000
       1.0467758      0.17000000
       2.8725602      0.17000000
       2.7530534      0.17000000
       1.1612829      0.17000000
       3.4547323      0.17000000
       1.8842366      0.17000000
       9.9923422      0.17000000
      0.78839815      0.17000000
      0.44669059      0.17000000
      0.90457362      0.17000000
       1.0065457      0.17000000
       3.2338350      0.17000000
      0.78363602      0.17000000
       4.8517632      0.17000000
      0.34316743      0.17000000
       2.4749328      0.17000000
       1.7054366      0.17000000
       1.0975553      0.17000000
       4.8556269      0.17000000
       3.3363308      0.17000000
      0.27752296      0.17000000
      0.32799572      0.17000000
       4.6534836      0.17000000
       1.4599126      0.17000000
       1.1072558      0.17000000
       1.3980703      0.17000000
       1.5037817      0.17000000
       5.3141545      0.17000000
       3.4024923      0.17000000
      0.89622216      0.17000000
       3.6223882      0.17000000
       1.2342743      0.17000000
       4.2099835      0.17000000
       1.4134528      0.17000000
       2.4177832      0.17000000
       1.1832407      0.17000000
       1.6749103      0.17000000
       1.8244796      0.17000000
       6.7527372      0.17000000
       1.8890934      0.17000000
       1.1537949      0.18000000
       1.0395373      0.18000000
      0.20121195      0.18000000
       6.5878538      0.18000000
       1.0019629      0.18000000
       3.1610608      0.18000000
       3.5668234      0.18000000
       3.9994484      0.18000000
       4.9983380      0.18000000
       2.6276846      0.18000000
      0.24196011      0.18000000
      0.65236261      0.18000000
       1.3511302      0.18000000
      0.81791985      0.18000000
       1.1650832      0.18000000
       1.7320807      0.18000000
       7.7157944      0.18000000
       4.7413249      0.18000000
       3.7160423      0.18000000
       4.2651299      0.18000000
       8.1556886      0.18000000
       6.9641040      0.18000000
       2.2588061      0.18000000
       3.2699882      0.18000000
      0.98216045      0.18000000
       5.3942617      0.18000000
       1.4937604      0.18000000
       6.8239228      0.18000000
       1.7311669      0.18000000
       6.9671554      0.18000000
       2.3941253      0.18000000
       1.7641640      0.18000000
       1.3645702      0.18000000
      0.91393418      0.18000000
       3.1159888      0.18000000
       1.1397233      0.18000000
      0.50370782      0.18000000
       3.8116903      0.18000000
      0.83784045      0.18000000
       1.6853515      0.18000000
       9.1449161      0.18000000
       1.6671949      0.18000000
       1.1064929      0.18000000
       7.6294309      0.18000000
       4.1423108      0.18000000
       1.7853632      0.18000000
       1.2882564      0.18000000
      0.95407093      0.18000000
       9.4291109      0.18000000
     0.057202645      0.18000000
       1.5197456      0.18000000
      0.38179844      0.18000000
       1.8965717      0.18000000
       4.0768214      0.18000000
       2.1077063      0.18000000
       1.9935462      0.18000000
       1.7783086      0.18000000
       1.0583541      0.18000000
       3.0878690      0.18000000
       2.8886038      0.18000000
      0.28619714      0.18000000
      0.79270300      0.18000000
      0.40075707      0.18000000
      0.24417970      0.18000000
      0.77033637      0.18000000
      0.49651994      0.18000000
      0.36250213      0.18000000
       7.9191551      0.18000000
       2.7029941      0.18000000
       3.9804346      0.18000000
       8.9269274      0.18000000
       6.1214706      0.18000000
       5.0561645      0.19000000
      0.72921738      0.19000000
       1.2138810      0.19000000
       2.2090857      0.19000000
       2.4836483      0.19000000
       2.7700672      0.19000000
      0.82010475      0.19000000
      0.71523314      0.19000000
      0.56416875      0.19000000
      0.30276595      0.19000000
       1.0258142      0.19000000
       5.4717045      0.19000000
      0.97449365      0.19000000
      0.42038153      0.19000000
       1.4388313      0.19000000
      0.88157471      0.19000000
       3.1838063      0.19000000
       1.3597805      0.19000000
       10.217271      0.19000000
       1.7796655      0.19000000
       8.5734010      0.19000000
       8.8349334      0.19000000
       1.6708365      0.19000000
       3.0454320      0.19000000
       1.1677478      0.19000000
       5.6897439      0.19000000
       2.7662904      0.19000000
       10.164831      0.19000000
       1.6464921      0.19000000
       2.7016080      0.19000000
       2.0070718      0.19000000
      0.67827264      0.19000000
      0.99177324      0.19000000
       6.1279228      0.19000000
       9.6581572      0.19000000
       7.9852548      0.19000000
       1.1403171      0.19000000
       5.0888059      0.19000000
       5.1756068      0.19000000
      0.15612127      0.19000000
       1.6264336      0.19000000
       2.2615526      0.19000000
      0.94290574      0.19000000
      0.18564896      0.19000000
      0.73740794      0.19000000
       1.5310990      0.19000000
      0.62534947      0.19000000
       7.1820547      0.19000000
      0.17304138      0.19000000
       1.5203539      0.19000000
       1.8850493      0.19000000
      0.65839016      0.19000000
       1.2075672      0.19000000
       1.6406860      0.19000000
       2.3163005      0.19000000
       3.0269089      0.19000000
       5.5820354      0.19000000
       2.6784055      0.19000000
       5.0303516      0.19000000
      0.42143816      0.19000000
       3.1777841      0.19000000
      0.86378920      0.19000000
       1.1531902      0.19000000
       3.5721312      0.19000000
       7.8817308      0.20000000
       4.5488015      0.20000000
       2.2050185      0.20000000
       1.1514542      0.20000000
       1.0688090      0.20000000
       3.1573442      0.20000000
      0.45825440      0.20000000
      0.72800742      0.20000000
       1.0326751      0.20000000
       1.9675546      0.20000000
      0.97921622      0.20000000
      0.68291420      0.20000000
      0.32907582      0.20000000
      0.47369540      0.20000000
      0.74752040      0.20000000
       2.2682616      0.20000000
       1.2234598      0.20000000
       1.4045949      0.20000000
       1.9887687      0.20000000
       2.3275691      0.20000000
       1.1073208      0.20000000
       2.0726808      0.20000000
      0.86531361      0.20000000
      0.84898976      0.20000000
      0.88908688      0.20000000
      0.62373110      0.20000000
       7.2491126      0.20000000
       4.5828912      0.20000000
       5.9016760      0.20000000
       1.9978456      0.20000000
      0.80534926      0.20000000
       1.4314860      0.20000000
       3.5854382      0.20000000
      0.31477564      0.20000000
      0.52208653      0.20000000
      0.74153035      0.20000000
       1.5504470      0.20000000
       2.3063479      0.20000000
       4.2000139      0.20000000
       3.5713414      0.20000000
       1.1470707      0.20000000
       7.7373178      0.20000000
       2.7302893      0.20000000
      0.50470054      0.20000000
       1.8634479      0.20000000
       5.6555099      0.20000000
       9.1423866      0.20000000
       1.2463201      0.20000000
       2.1162714      0.20000000
       1.9543294      0.20000000
      0.24593749      0.20000000
       1.5759092      0.20000000
      0.45860346      0.20000000
       3.0741101      0.20000000
      0.27105130      0.20000000
      0.38574857      0.20000000
       1.0390147      0.20000000
      0.50217296      0.20000000
       7.4367319      0.20000000
       2.1577357      0.20000000
       2.2127249      0.20000000
       2.5666942      0.20000000
       1.3071835      0.20000000
       4.6932890      0.20000000
       1.9380308      0.20000000
       3.4001577      0.20000000
      0.99391050      0.20000000
       2.2612876      0.20000000
       1.6878919      0.20000000
       3.3241318      0.20000000
       2.3509608      0.20000000
       1.7363332      0.20000000
       2.6438930      0.20000000
       7.9615021      0.20000000
      0.20515865      0.20000000
      0.66572560      0.20000000
      0.26190914      0.20000000
      0.51150337      0.20000000
       1.2436530      0.20000000
      0.89369716      0.20000000
       1.1645210      0.20000000
       2.1350896      0.20000000
       4.8117702      0.20000000
       2.5891424      0.20000000
       1.6464661      0.20000000
      0.78858894      0.20000000
       3.6864640      0.20000000
       2.1174102      0.20000000
       1.2464017      0.20000000
       1.1749448      0.20000000
       2.7298729      0.20000000
       1.1549950      0.20000000
       7.2482915      0.20000000
       1.3972393      0.20000000
       1.5371186      0.20000000
       1.6917933      0.20000000
       1.7137163      0.20000000
       2.9842079      0.20000000
       3.4703534      0.20000000
       2.4323290      0.20000000
       2.0552321      0.20000000
       5.1882645      0.20000000
       1.6447557      0.20000000
      0.22417975      0.20000000
       5.6693547      0.20000000
       3.2987844      0.20000000
      0.88109812      0.20000000
       1.0420074      0.20000000
       2.7910307      0.20000000
      0.83743173      0.20000000
       2.9861934      0.20000000
       1.8750803      0.20000000
       1.6967950      0.20000000
      0.90150416      0.20000000
      0.42785299      0.20000000
       10.014836      0.20000000
       1.3706457      0.20000000
       1.3044596      0.20000000
       2.1660660      0.20000000
       6.3097792      0.20000000
       1.9267529      0.21000000
       1.1702726      0.21000000
       1.8873879      0.21000000
      0.76400189      0.21000000
       3.8559054      0.21000000
       9.3684252      0.21000000
       4.0403263      0.21000000
       1.4508153      0.21000000
       1.0623031      0.21000000
       2.7897985      0.21000000
       1.2752161      0.21000000
      0.40740228      0.21000000
      0.95187748      0.21000000
       2.2702751      0.21000000
      0.89059616      0.21000000
      0.53253782      0.21000000
       7.0647788      0.21000000
      0.80071118      0.21000000
       9.4483658      0.21000000
      0.16902605      0.21000000
       2.1756307      0.21000000
       4.5604742      0.21000000
       3.9724345      0.21000000
       1.9662374      0.21000000
       3.7832821      0.21000000
       6.8036710      0.21000000
      0.77893024      0.21000000
      0.14589856      0.21000000
       1.0239418      0.21000000
       2.4985473      0.21000000
       4.8157252      0.21000000
      0.35022693      0.21000000
       3.1309841      0.21000000
      0.78447822      0.21000000
       4.9507360      0.21000000
       1.3074668      0.21000000
       2.1943261      0.21000000
       1.4096525      0.21000000
       5.7381944      0.21000000
       4.5113871      0.21000000
      0.40827705      0.21000000
       5.5829572      0.21000000
       1.6926653      0.21000000
       1.7552845      0.21000000
      0.55805245      0.21000000
      0.88329880      0.21000000
       3.3299455      0.21000000
      0.57906391      0.21000000
      0.55444426      0.21000000
       4.7000604      0.21000000
       7.0825961      0.21000000
       5.6767052      0.21000000
       1.3262537      0.21000000
       7.1104941      0.21000000
      0.15757915      0.21000000
       3.4502612      0.21000000
       3.3590081      0.21000000
       8.0445469      0.21000000
      0.87904739      0.21000000
       4.8719985      0.21000000
       1.8217617      0.21000000
       1.4627806      0.21000000
      0.70687735      0.21000000
      0.97229413      0.21000000
       2.3673992      0.21000000
       1.9542717      0.21000000
       3.4375566      0.21000000
       1.4152011      0.21000000
       1.1749742      0.21000000
      0.33292374      0.21000000
       1.9663613      0.21000000
       1.5762355      0.21000000
      0.18133482      0.21000000
      0.70657684      0.21000000
       1.5643273      0.21000000
       1.8765990      0.21000000
       2.8431881      0.21000000
      0.39180317      0.21000000
       2.4635302      0.21000000
      0.94425041      0.21000000
       10.009674      0.21000000
       1.5114931      0.21000000
       2.7298887      0.21000000
       2.5717819      0.21000000
      0.45977833      0.21000000
       3.6545629      0.21000000
       5.7947221      0.21000000
      0.99052956      0.21000000
       8.8476544      0.21000000
       1.3813686      0.21000000
       1.9647862      0.21000000
       8.6253248      0.21000000
      0.70787539      0.21000000
       1.1831696      0.21000000
       2.5571041      0.21000000
       2.0717511      0.21000000
       2.5416245      0.21000000
       2.1323058      0.21000000
      0.65675111      0.21000000
      0.72069213      0.21000000
      0.50024117      0.21000000
      0.67439082      0.21000000
      0.82130357      0.21000000
      0.62892537      0.21000000
       2.7622747      0.21000000
       6.0208760      0.21000000
      0.80793584      0.21000000
       5.5221987      0.21000000
       4.8563659      0.21000000
       3.5214274      0.21000000
       1.0369070      0.21000000
      0.87963366      0.21000000
       1.4368295      0.22000000
       1.7607083      0.22000000
       1.6163211      0.22000000
       1.2350964      0.22000000
      0.50200389      0.22000000
       2.3507405      0.22000000
       5.6621880      0.22000000
       1.0646956      0.22000000
       9.1303361      0.22000000
       1.1280185      0.22000000
       1.6794084      0.22000000
      0.36548514      0.22000000
       2.0341463      0.22000000
       10.428882      0.22000000
       4.1357577      0.22000000
       6.4905122      0.22000000
       1.3134896      0.22000000
       2.1390627      0.22000000
       1.2405714      0.22000000
      0.82532250      0.22000000
      0.40297992      0.22000000
      0.84669212      0.22000000
      0.24106444      0.22000000
       2.3708884      0.22000000
       1.8180532      0.22000000
       1.3298229      0.22000000
       4.9185793      0.22000000
       1.1224046      0.22000000
       2.1785801      0.22000000
       3.1067768      0.22000000
       1.3266427      0.22000000
       1.7889930      0.22000000
       5.1194319      0.22000000
       9.6759512      0.22000000
       1.0055059      0.22000000
       2.0361764      0.22000000
       1.6329181      0.22000000
       5.5888079      0.22000000
       1.2180946      0.22000000
       1.5277438      0.22000000
       2.1879710      0.22000000
      0.88561731      0.22000000
      0.56223776      0.22000000
       4.0091253      0.22000000
      0.17464034      0.22000000
       2.4713222      0.22000000
       1.0163331      0.22000000
      0.83242505      0.22000000
       1.1352877      0.22000000
       1.6137215      0.22000000
       3.6810301      0.22000000
       1.1660988      0.22000000
       5.2241181      0.22000000
       8.7661630      0.22000000
       1.6606572      0.22000000
       3.2562399      0.22000000
       1.8541197      0.22000000
       1.0023635      0.22000000
       1.6716487      0.22000000
       2.9844363      0.22000000
       5.6951055      0.22000000
       1.3686677      0.22000000
       1.8936216      0.22000000
       2.3434990      0.22000000
       1.4738652      0.22000000
       1.4745196      0.22000000
       6.9606691      0.22000000
       1.0970665      0.22000000
      0.54681317      0.22000000
       9.1284753      0.22000000
      0.35415146      0.22000000
      0.54811868      0.22000000
      0.43490460      0.22000000
       5.9784070      0.22000000
       1.5713956      0.22000000
      0.59976976      0.22000000
       1.0365062      0.22000000
       8.0002963      0.22000000
       1.6913744      0.22000000
       6.6757509      0.22000000
       3.9224653      0.23000000
       3.5369594      0.23000000
      0.78990985      0.23000000
       3.4576797      0.23000000
       1.3397595      0.23000000
       6.2404470      0.23000000
      0.28245790      0.23000000
      0.53557940      0.23000000
      0.65218519      0.23000000
       5.7852028      0.23000000
       4.7738279      0.23000000
      0.79391201      0.23000000
      0.78483256      0.23000000
      0.87301553      0.23000000
       2.5948282      0.23000000
      0.83908986      0.23000000
       1.8102586      0.23000000
       3.0423193      0.23000000
       1.5004212      0.23000000
       1.0612386      0.23000000
       1.7949394      0.23000000
       1.2671307      0.23000000
      0.69512551      0.23000000
       1.2542780      0.23000000
      0.10949094      0.23000000
       1.6210112      0.23000000
      0.56440124      0.23000000
       4.9091496      0.23000000
      0.32785146      0.23000000
      0.36841079      0.23000000
      0.45495356      0.23000000
       2.2294200      0.23000000
       3.7704928      0.23000000
      0.89935592      0.23000000
      0.40632365      0.23000000
      0.22983969      0.23000000
       7.4987065      0.23000000
      0.89623866      0.23000000
       2.6294860      0.23000000
      0.88772653      0.23000000
      0.63389401      0.23000000
       3.3562852      0.23000000
       3.5376491      0.23000000
      0.26874669      0.23000000
       1.2364904      0.23000000
       9.3381019      0.23000000
       2.3410333      0.23000000
      0.23220918      0.23000000
      0.32242381      0.23000000
       2.2125120      0.23000000
       2.3569676      0.23000000
       5.6662396      0.23000000
      0.76993992      0.23000000
       5.7307512      0.23000000
       2.2488691      0.23000000
      0.26684217      0.23000000
       3.4935681      0.23000000
       3.8370494      0.23000000
       1.3913174      0.23000000
       8.0691785      0.23000000
       7.5400932      0.23000000
       1.8025856      0.23000000
       2.4163322      0.23000000
      0.41245847      0.23000000
       2.3264266      0.23000000
      0.69960288      0.23000000
      0.22234469      0.23000000
       3.2272163      0.23000000
       1.7619230      0.23000000
       1.0599316      0.23000000
      0.90937998      0.23000000
      0.42275556      0.23000000
      0.85321217      0.23000000
       2.8748410      0.23000000
       2.5391795      0.23000000
       3.5234670      0.23000000
      0.76790580      0.23000000
      0.31603589      0.23000000
      0.58140102      0.23000000
       2.3343072      0.23000000
       7.2714451      0.23000000
       7.4721692      0.23000000
       2.9021661      0.23000000
      0.54920978      0.23000000
       1.4416581      0.23000000
       1.1617241      0.23000000
       4.4940595      0.23000000
      0.74785448      0.23000000
       2.1328615      0.23000000
       3.3487851      0.23000000
       7.5930061      0.23000000
      0.26922564      0.23000000
      0.46135970      0.23000000
       1.5499992      0.23000000
       2.5024070      0.23000000
      0.66405017      0.23000000
      0.99077060      0.23000000
      0.60100702      0.23000000
      0.75076794      0.23000000
       2.6669541      0.23000000
      0.15733922      0.23000000
       2.5490846      0.23000000
       1.8458609      0.23000000
       1.7839454      0.23000000
       3.1162157      0.23000000
       3.8951496      0.23000000
       2.3422132      0.23000000
       1.7315087      0.23000000
       7.0974032      0.23000000
      0.64228379      0.23000000
      0.30589750      0.23000000
       3.9990152      0.23000000
      0.39517800      0.23000000
      0.47013782      0.23000000
       4.5482329      0.23000000
       2.2571140      0.23000000
       4.9660297      0.23000000
      0.46886569      0.23000000
       2.4673462      0.23000000
      0.40992640      0.23000000
       2.8375047      0.23000000
      0.74268285      0.23000000
       1.0607443      0.23000000
       2.3488981      0.23000000
       1.4723350      0.23000000
      0.20089761      0.23000000
      0.55752554      0.23000000
       3.6195624      0.23000000
       2.4248440      0.23000000
       4.5579310      0.23000000
       4.7017852      0.23000000
       2.0524136      0.23000000
       1.7564231      0.23000000
      0.17718424      0.23000000
       2.2615850      0.23000000
      0.72668986      0.23000000
       1.7726836      0.23000000
       2.7860776      0.23000000
      0.63086429      0.23000000
       1.6717616      0.23000000
       4.1887960      0.23000000
      0.70711724      0.23000000
       1.4650498      0.23000000
       6.8889796      0.23000000
      0.22796126      0.23000000
      0.51051112      0.23000000
      0.85799589      0.23000000
       1.9596496      0.23000000
       1.3689907      0.23000000
       2.3936316      0.23000000
       1.2124151      0.23000000
       9.4577029      0.23000000
      0.45078748      0.23000000
      0.64256503      0.23000000
       1.0040493      0.23000000
       1.8997842      0.23000000
       5.1632857      0.23000000
       7.2171428      0.23000000
       4.6048625      0.23000000
      0.48644237      0.23000000
       3.3104296      0.23000000
       2.4551813      0.23000000
       1.4265923      0.23000000
       6.5262832      0.23000000
       3.1169376      0.23000000
      0.55894858      0.23000000
       1.3200099      0.23000000
       1.7448313      0.23000000
      0.26261367      0.23000000
      0.60241914      0.23000000
       1.9208290      0.23000000
       1.7222477      0.23000000
       3.9294149      0.23000000
       2.2705511      0.23000000
      0.89870134      0.23000000
       2.1533368      0.23000000
      0.32878543      0.23000000
       4.7489153      0.23000000
       2.6832107      0.23000000
       3.3531752      0.23000000
       3.3166406      0.23000000
       1.5286535      0.23000000
       8.4436654      0.23000000
       1.8064708      0.23000000
       1.7801640      0.23000000
      0.59433145      0.23000000
       2.5454008      0.23000000
       8.7750366      0.23000000
      0.40336681      0.23000000
       1.8055033      0.23000000
      0.96266938      0.23000000
       7.3346756      0.23000000
       2.1734586      0.23000000
      0.92396530      0.23000000
       4.8423215      0.23000000
       1.4482767      0.23000000
       6.8788489      0.23000000
       9.7018043      0.23000000
       1.9324516      0.23000000
       2.6558927      0.23000000
       5.4799312      0.23000000
       1.4565726      0.23000000
       1.5879877      0.23000000
       4.2471301      0.23000000
       4.2968217      0.23000000
      0.99896616      0.23000000
      0.77076973      0.23000000
       2.3733925      0.23000000
       3.4944334      0.24000000
      0.31620776      0.24000000
      0.61195745      0.24000000
       2.1142375      0.24000000
       5.0340929      0.24000000
       1.5187150      0.24000000
       2.3121917      0.24000000
       1.4325678      0.24000000
       1.9489351      0.24000000
      0.75869239      0.24000000
       4.0799424      0.24000000
       1.4405604      0.24000000
      0.38874856      0.24000000
       4.9696999      0.24000000
       1.4223251      0.24000000
      0.57548867      0.24000000
      0.88043876      0.24000000
       8.9820169      0.24000000
       1.2242821      0.24000000
       2.6116780      0.24000000
       8.3202266      0.24000000
      0.29921681      0.24000000
       1.3620732      0.24000000
      0.54574162      0.24000000
       2.1262313      0.24000000
       1.1362344      0.24000000
      0.20229878      0.24000000
       3.5297971      0.24000000
       1.0724275      0.24000000
       1.4371411      0.24000000
       6.6268167      0.24000000
       1.5778081      0.24000000
       6.9210115      0.24000000
      0.86963725      0.24000000
       2.9825936      0.24000000
      0.38711883      0.24000000
       7.7474386      0.24000000
       1.5733687      0.24000000
       1.1006725      0.24000000
      0.39229586      0.24000000
       1.5391446      0.24000000
       7.5507965      0.24000000
       9.8482110      0.24000000
       7.6826815      0.24000000
       5.3999034      0.24000000
       6.0375521      0.24000000
       5.9730562      0.24000000
      0.86469616      0.24000000
      0.79379048      0.24000000
       1.8888060      0.24000000
      0.91642861      0.24000000
       2.8633770      0.24000000
      0.42260522      0.24000000
      0.92496875      0.24000000
       3.8259786      0.24000000
       3.5790622      0.24000000
       1.1965316      0.25000000
       1.1314964      0.25000000
      0.82923983      0.25000000
       1.3067447      0.25000000
      0.45364381      0.25000000
       2.2995252      0.25000000
      0.56050578      0.25000000
       2.9194269      0.25000000
      0.76078396      0.25000000
       9.9715611      0.25000000
       7.4904186      0.25000000
       9.5876879      0.25000000
       4.3211191      0.25000000
      0.60254050      0.25000000
       7.5812815      0.25000000
       2.5640822      0.25000000
      0.82547486      0.25000000
       1.9388438      0.25000000
       2.2983293      0.25000000
      0.27467301      0.25000000
      0.73642319      0.25000000
       4.9540060      0.25000000
       2.2819634      0.25000000
       3.3323439      0.25000000
       5.7619174      0.25000000
      0.96583803      0.25000000
       3.1178279      0.25000000
       1.5836844      0.25000000
       2.8741847      0.25000000
       1.1335260      0.25000000
      0.60258279      0.25000000
       2.8162953      0.25000000
       6.0156488      0.25000000
       3.2281564      0.25000000
      0.94960439      0.25000000
       2.9385431      0.25000000
       1.3130894      0.25000000
       5.9083816      0.25000000
       3.3680145      0.25000000
       1.0062337      0.25000000
       4.3641307      0.25000000
       1.8832273      0.25000000
       8.2631977      0.25000000
       2.0487634      0.25000000
       4.8493236      0.25000000
       1.9037670      0.25000000
       3.0859134      0.25000000
       2.0134974      0.25000000
      0.24735818      0.26000000
       9.3736152      0.26000000
       3.1731535      0.26000000
       5.9986275      0.26000000
       9.7381057      0.26000000
      0.15437417      0.26000000
      0.84387108      0.26000000
       3.1814544      0.26000000
       3.4297983      0.26000000
       4.8744810      0.26000000
       2.2481803      0.26000000
       3.0067231      0.26000000
       4.7822361      0.26000000
      0.29847309      0.26000000
      0.69656713      0.26000000
      0.75087545      0.26000000
       1.6609818      0.26000000
      0.90304062      0.26000000
       3.6194953      0.26000000
       2.6752103      0.26000000
      0.85440218      0.26000000
       1.4801094      0.26000000
       4.5286700      0.26000000
       1.2241251      0.26000000
       4.6865531      0.26000000
       9.1158148      0.26000000
       2.3874123      0.26000000
      0.75880333      0.26000000
       1.6945358      0.26000000
       3.6644000      0.26000000
       2.9247301      0.26000000
       3.9377148      0.26000000
       3.6540860      0.26000000
       1.7115733      0.26000000
       2.6151122      0.26000000
       2.6627276      0.26000000
       5.0504090      0.26000000
       1.3170284      0.26000000
       3.9910720      0.26000000
       3.8995848      0.26000000
       2.6754606      0.26000000
       1.9845421      0.26000000
       1.1021001      0.26000000
       1.4641436      0.26000000
       6.1268323      0.26000000
       3.1956226      0.26000000
       1.2666597      0.26000000
       2.3323117      0.26000000
       3.9944847      0.27000000
       7.0009276      0.27000000
       8.7004957      0.27000000
       3.2712980      0.27000000
      0.49806654      0.27000000
       8.7678815      0.27000000
       3.5158852      0.27000000
       1.5586778      0.27000000
       5.0366595      0.27000000
      0.87657163      0.27000000
       1.2676542      0.27000000
       2.3946794      0.27000000
       2.2166392      0.27000000
       1.1975959      0.27000000
       2.1784298      0.27000000
      0.39725068      0.27000000
       7.9571687      0.27000000
       2.5523550      0.27000000
       1.9260558      0.27000000
       2.6934311      0.27000000
       1.0350954      0.27000000
       1.9083640      0.27000000
       1.1155568      0.27000000
      0.61560849      0.27000000
       1.0048632      0.27000000
      0.70089380      0.27000000
       4.1972381      0.27000000
      0.86472229      0.27000000
      0.89279690      0.27000000
       1.4854187      0.27000000
       6.6588490      0.27000000
       4.2337457      0.27000000
       6.2295361      0.27000000
       2.7880868      0.27000000
       7.0966414      0.27000000
       1.4425901      0.27000000
       4.0722446      0.27000000
      0.61862816      0.27000000
       1.2934892      0.27000000
       5.6102592      0.27000000
       3.9293092      0.27000000
       1.7616016      0.27000000
       1.3423615      0.27000000
       6.5036236      0.27000000
       2.7148978      0.27000000
       1.1752397      0.27000000
       5.7194991      0.27000000
      0.74374642      0.27000000
       3.9352717      0.27000000
       3.2193059      0.27000000
       6.2512728      0.27000000
       2.1037931      0.27000000
       1.5040806      0.27000000
       1.5144741      0.27000000
       3.7225245      0.27000000
       4.7617016      0.27000000
       7.5505178      0.27000000
       1.1908423      0.27000000
       5.0049346      0.27000000
       1.1283852      0.27000000
       1.3495149      0.27000000
      0.73610302      0.27000000
       2.9659076      0.27000000
       1.7502107      0.27000000
       1.8470099      0.27000000
       2.1404913      0.27000000
       1.1155610      0.27000000
      0.42202295      0.27000000
       1.5030044      0.27000000
       1.9181134      0.27000000
       1.8822436      0.27000000
       2.6506251      0.27000000
      0.30760556      0.27000000
       2.6586532      0.27000000
      0.65529094      0.27000000
      0.52164643      0.27000000
       2.8152319      0.27000000
       1.8209336      0.27000000
      0.67702831      0.27000000
       6.1010754      0.27000000
       7.3609162      0.27000000
      0.62457144      0.27000000
       1.2931822      0.27000000
       4.2001001      0.27000000
      0.61997944      0.27000000
       10.219796      0.27000000
       5.9088823      0.27000000
       2.8764113      0.27000000
       2.2848390      0.27000000
       3.4387805      0.27000000
       1.1042900      0.27000000
      0.71181083      0.27000000
       4.6963164      0.27000000
       2.9689103      0.27000000
       3.2586859      0.27000000
      0.54834466      0.27000000
      0.82538252      0.27000000
       1.4348369      0.27000000
      0.49100330      0.27000000
       2.1956044      0.27000000
       2.0020843      0.27000000
       2.8820784      0.27000000
       3.1423126      0.27000000
       1.3849109      0.27000000
       3.7441351      0.28000000
       1.5187147      0.28000000
      0.62875181      0.28000000
       2.4654794      0.28000000
      0.94255908      0.28000000
       7.1096491      0.28000000
      0.33289266      0.28000000
      0.42692284      0.28000000
       1.4647572      0.28000000
       3.7924799      0.28000000
       9.7594401      0.28000000
       1.0920518      0.28000000
       1.5208578      0.28000000
       1.2566644      0.28000000
       1.9681879      0.28000000
      0.73800419      0.28000000
       1.9757058      0.28000000
       2.4087610      0.28000000
      0.29026867      0.28000000
       2.7464404      0.28000000
       4.0385091      0.28000000
       2.7206949      0.28000000
       3.1723619      0.28000000
       1.1924969      0.28000000
       1.5199649      0.28000000
       6.7644918      0.28000000
       2.4472019      0.28000000
       2.9873633      0.28000000
      0.48528416      0.28000000
      0.10068248      0.28000000
      0.34471108      0.28000000
      0.33315323      0.28000000
       1.7287738      0.28000000
      0.59927856      0.28000000
       2.9710656      0.28000000
       2.1124405      0.28000000
       5.2983478      0.28000000
       2.3620300      0.28000000
       1.1116243      0.28000000
       8.2344220      0.28000000
       2.0933993      0.28000000
       4.8212296      0.28000000
       1.1132853      0.28000000
       2.7618780      0.28000000
       7.3920726      0.28000000
      0.25868179      0.28000000
       2.1735075      0.28000000
       2.0311367      0.28000000
      0.52986633      0.28000000
      0.74321664      0.28000000
       1.0266414      0.28000000
       2.3653077      0.28000000
       3.1259936      0.28000000
       5.2698450      0.28000000
       1.5967385      0.28000000
      0.67274562      0.28000000
       1.0499375      0.28000000
      0.58083619      0.28000000
       3.4719893      0.28000000
       5.5577194      0.28000000
       1.3412786      0.28000000
       2.6115795      0.28000000
       1.0548891      0.28000000
      0.21421904      0.28000000
       1.6176223      0.28000000
       8.5922094      0.28000000
       4.4030492      0.28000000
       1.1740484      0.28000000
       2.1672228      0.28000000
       1.1180110      0.28000000
      0.64500479      0.28000000
      0.64186801      0.28000000
       1.0990085      0.29000000
       1.4987582      0.29000000
       3.7990139      0.29000000
      0.90024334      0.29000000
       3.4703302      0.29000000
       3.2819544      0.29000000
      0.61866034      0.29000000
       2.2083049      0.29000000
       1.5663157      0.29000000
       1.5591394      0.29000000
       2.2575778      0.29000000
       3.4188348      0.29000000
       3.9147685      0.29000000
      0.64315172      0.29000000
       1.3762682      0.29000000
       1.7913973      0.29000000
       2.2462049      0.29000000
       1.3029735      0.29000000
       4.8942127      0.29000000
       3.0493213      0.29000000
       4.8689087      0.29000000
       3.8405510      0.29000000
      0.94854243      0.29000000
       6.0481199      0.29000000
       1.0555114      0.29000000
       1.1241061      0.29000000
       2.4013679      0.29000000
      0.99576285      0.29000000
      0.77435929      0.29000000
       3.0903238      0.29000000
       2.4388736      0.29000000
       5.2921325      0.29000000
       2.1324829      0.29000000
       2.3863849      0.29000000
      0.29533405      0.29000000
      0.51108941      0.29000000
       1.7159091      0.29000000
       4.3106550      0.29000000
       1.4141221      0.29000000
       6.2340558      0.29000000
       4.1877348      0.29000000
       8.2813705      0.29000000
       1.9710566      0.29000000
       4.6418927      0.29000000
       5.2744517      0.29000000
       4.8988178      0.29000000
       5.7556570      0.29000000
       2.7603937      0.29000000
       3.3778346      0.29000000
       2.3191248      0.29000000
       3.0425316      0.29000000
       4.0930154      0.29000000
       1.5832437      0.29000000
       1.9956122      0.29000000
       1.0939939      0.29000000
       4.1071176      0.29000000
       3.9912114      0.29000000
       6.0341467      0.29000000
       3.8857179      0.29000000
      0.26380746      0.29000000
       4.0158643      0.29000000
       1.1197065      0.29000000
      0.66040137      0.29000000
       1.3197308      0.29000000
       3.8920510      0.30000000
       2.5157890      0.30000000
      0.70298568      0.30000000
       1.1885600      0.30000000
       4.8669526      0.30000000
       3.8290228      0.30000000
      0.83050281      0.30000000
       1.9726271      0.30000000
       1.1021956      0.30000000
       1.6423263      0.30000000
       2.7778153      0.30000000
       4.0143549      0.30000000
      0.89706224      0.30000000
       2.0011078      0.30000000
       1.8230234      0.30000000
       2.4875776      0.30000000
       2.7245977      0.30000000
       1.1388735      0.30000000
       2.3153493      0.30000000
       2.3770719      0.30000000
      0.91488746      0.30000000
      0.71091697      0.30000000
       1.3067933      0.30000000
      0.76449697      0.30000000
       4.0336181      0.30000000
       1.0605074      0.30000000
      0.88003845      0.30000000
      0.99248283      0.30000000
      0.38875845      0.30000000
       4.8004857      0.30000000
      0.69552223      0.30000000
       3.0671125      0.30000000
       3.6069530      0.30000000
       3.3736445      0.30000000
       2.1113132      0.30000000
       2.9744539      0.30000000
       2.1444628      0.30000000
       1.3155166      0.30000000
       3.4396783      0.30000000
       1.6010465      0.30000000
       2.4325923      0.30000000
       1.3111262      0.30000000
       2.5220017      0.30000000
       4.9534613      0.30000000
       1.2595828      0.30000000
       1.9049301      0.30000000
       2.0610076      0.30000000
       2.2793605      0.30000000
       3.0375733      0.30000000
       3.4610649      0.30000000
       1.3013033      0.30000000
       1.2285638      0.30000000
       6.1043695      0.30000000
      0.76266303      0.30000000
       1.1253873      0.30000000
       1.2871501      0.30000000
       3.6696023      0.30000000
       4.4568056      0.30000000
      0.72435916      0.30000000
      0.44051729      0.30000000
       2.7288027      0.30000000
       4.3446567      0.30000000
       1.6115293      0.30000000
      0.94540942      0.30000000
      0.97596664      0.30000000
      0.91503273      0.30000000
       2.2535734      0.30000000
       1.2622973      0.30000000
       3.9404647      0.30000000
       2.7545747      0.30000000
       1.2586778      0.30000000
       1.4361751      0.30000000
       3.4419342      0.30000000
       3.3490615      0.30000000
       4.8186714      0.30000000
       1.6476902      0.30000000
       4.0891631      0.30000000
       1.4671137      0.30000000
      0.18251189      0.30000000
       1.5872287      0.30000000
       1.6604998      0.30000000
       1.2946615      0.30000000
       1.0079974      0.30000000
       7.8096195      0.30000000
       2.8526327      0.30000000
      0.35296892      0.30000000
       1.4468992      0.30000000
       3.0440059      0.30000000
       3.6505731      0.30000000
       2.4959483      0.30000000
      0.31385045      0.30000000
       7.0557881      0.30000000
       2.6273204      0.30000000
       2.0864547      0.30000000
       1.4063391      0.30000000
       2.4009266      0.30000000
      0.62824495      0.31000000
       2.4435046      0.31000000
       3.1671436      0.31000000
       1.0034940      0.31000000
       2.9949786      0.31000000
      0.51044750      0.31000000
       1.1961693      0.31000000
       2.2070386      0.31000000
      0.95792384      0.31000000
       3.6275540      0.31000000
       1.1551531      0.31000000
       3.0080840      0.31000000
       2.3096109      0.31000000
      0.74030105      0.31000000
       2.9425355      0.31000000
       3.1629064      0.31000000
       7.5713549      0.31000000
       1.5625185      0.31000000
       1.0189433      0.31000000
       3.4075843      0.31000000
       3.6766508      0.31000000
       9.0207904      0.31000000
      0.87934930      0.31000000
       7.1412598      0.31000000
      0.46112052      0.32000000
       1.0440931      0.32000000
       1.7888556      0.32000000
      0.39296942      0.32000000
       1.7056155      0.32000000
      0.66219400      0.32000000
       4.7319045      0.32000000
       1.1869718      0.32000000
       1.4785309      0.32000000
       3.5444378      0.32000000
      0.14009112      0.32000000
      0.70706129      0.32000000
       2.5719644      0.32000000
       1.2447588      0.32000000
      0.34007870      0.32000000
       1.9257069      0.32000000
       3.1050578      0.32000000
       3.7033922      0.32000000
      0.68139453      0.32000000
      0.59983509      0.32000000
       1.9470964      0.32000000
       1.3587214      0.32000000
       6.3428062      0.32000000
       1.2103389      0.32000000
       1.0525363      0.33000000
       8.4761973      0.33000000
       1.2172800      0.33000000
       5.5306918      0.33000000
      0.83669573      0.33000000
       2.2827083      0.33000000
      0.51136870      0.33000000
       3.2654011      0.33000000
       1.1650190      0.33000000
       2.9416392      0.33000000
       2.1291645      0.33000000
       5.5370107      0.33000000
       4.3204898      0.33000000
       4.8360538      0.33000000
       1.9451465      0.33000000
       2.1157664      0.33000000
       1.2968847      0.33000000
      0.95055720      0.33000000
       9.3370533      0.33000000
       4.6471281      0.33000000
       6.8961741      0.33000000
      0.98256464      0.33000000
       3.4368013      0.33000000
      0.27997303      0.33000000
       6.1358302      0.33000000
      0.83703822      0.33000000
       3.1877619      0.33000000
       7.0382872      0.33000000
       1.2096124      0.33000000
       1.1663774      0.33000000
       2.5563828      0.33000000
       1.4235850      0.33000000
       4.4750776      0.33000000
       2.5273766      0.33000000
       6.1270939      0.33000000
       1.3958982      0.33000000
      0.25782000      0.33000000
       2.3875792      0.33000000
       2.9892480      0.33000000
       10.096319      0.33000000
       2.6515154      0.33000000
       3.3293673      0.33000000
       4.1974058      0.33000000
      0.55128648      0.33000000
      0.91247299      0.33000000
       2.0395659      0.33000000
       3.2599711      0.33000000
       6.6618139      0.33000000
       1.9679822      0.33000000
       1.6572813      0.33000000
       1.0758479      0.33000000
       3.7208905      0.33000000
      0.58376444      0.33000000
      0.40098343      0.33000000
       3.4133318      0.33000000
       1.0897158      0.33000000
       1.0501582      0.33000000
       3.5697565      0.33000000
       5.1704763      0.33000000
       3.7549243      0.33000000
       9.6556734      0.33000000
       2.5043677      0.33000000
       8.2795200      0.33000000
      0.17568907      0.33000000
       2.4902430      0.34000000
       5.7985705      0.34000000
       3.8558980      0.34000000
       7.6676850      0.34000000
       4.0563110      0.34000000
       8.6155547      0.34000000
       1.2298179      0.34000000
       1.2499965      0.34000000
       1.1864173      0.34000000
       1.8319203      0.34000000
       1.6722491      0.34000000
       2.2272641      0.34000000
       2.3404993      0.34000000
       2.8739193      0.34000000
      0.76445863      0.34000000
      0.93159812      0.34000000
      0.75673494      0.34000000
      0.35347704      0.34000000
       2.8451236      0.34000000
       4.5001526      0.34000000
       1.5756146      0.34000000
       1.2107176      0.34000000
      0.80570798      0.34000000
       1.9648157      0.34000000
       2.2674017      0.35000000
       4.8329572      0.35000000
       1.3151977      0.35000000
       2.0186913      0.35000000
       1.7371863      0.35000000
       2.8944482      0.35000000
      0.35187799      0.35000000
       5.8163259      0.35000000
       1.6741226      0.35000000
       1.3118328      0.35000000
       9.6670622      0.35000000
       2.7794385      0.35000000
      0.76097470      0.35000000
      0.53451397      0.35000000
       1.0681905      0.35000000
       6.4001889      0.35000000
       3.9874446      0.35000000
       7.6773131      0.35000000
       1.5208526      0.35000000
       6.9335806      0.35000000
      0.77647402      0.35000000
      0.25271531      0.35000000
       1.5119876      0.35000000
      0.86173727      0.35000000
      0.35747873      0.35000000
       2.0856291      0.35000000
       1.2302393      0.35000000
       6.7564600      0.35000000
      0.91157880      0.35000000
       1.8909147      0.35000000
       3.6249133      0.35000000
      0.80461013      0.35000000
       3.3322797      0.35000000
       8.1622097      0.35000000
       4.8921383      0.35000000
       2.0560136      0.35000000
       1.0134245      0.35000000
      0.12075457      0.35000000
      0.57111496      0.35000000
       1.8932298      0.35000000
      0.49744398      0.35000000
       5.0554492      0.35000000
       2.5445978      0.35000000
       1.0182895      0.35000000
       1.1082212      0.35000000
       4.6169263      0.35000000
       2.4293142      0.35000000
       2.0976654      0.35000000
       3.6126078      0.35000000
       6.5087777      0.35000000
       4.1532346      0.35000000
       2.7164944      0.35000000
       8.2451226      0.35000000
      0.94688622      0.35000000
       1.7267662      0.35000000
       8.3782608      0.35000000
      0.70589942      0.35000000
       1.0336962      0.35000000
       1.8917218      0.35000000
       1.0873787      0.35000000
       8.9241320      0.35000000
       4.6250053      0.35000000
       1.3389588      0.35000000
       3.2218715      0.35000000
       1.1581586      0.36000000
       6.3686305      0.36000000
       3.8060728      0.36000000
       6.7275793      0.36000000
       1.0239765      0.36000000
       5.0381247      0.36000000
       1.3709805      0.36000000
       2.9405347      0.36000000
       3.8930055      0.36000000
       1.5958286      0.36000000
       8.0534372      0.36000000
       2.6589050      0.36000000
      0.78991232      0.36000000
       3.6019153      0.36000000
       2.4155471      0.36000000
       3.4010743      0.36000000
       3.5042803      0.36000000
       3.2658148      0.36000000
       4.2963749      0.36000000
       2.6248844      0.36000000
      0.48543961      0.36000000
       2.6990499      0.36000000
       6.9947173      0.36000000
      0.30174411      0.36000000
       1.6250622      0.36000000
       2.1420594      0.36000000
       1.1465774      0.36000000
      0.73855091      0.36000000
       3.0389871      0.36000000
       5.0406728      0.36000000
       3.1935787      0.36000000
      0.80495850      0.36000000
       3.6505715      0.37000000
       7.0868864      0.37000000
       1.3557018      0.37000000
       8.7815130      0.37000000
       2.4137391      0.37000000
       4.5203098      0.37000000
       1.0881118      0.37000000
       2.3031947      0.37000000
       1.7215940      0.37000000
       4.5198633      0.37000000
      0.46855698      0.37000000
       3.4099283      0.37000000
      0.73182100      0.37000000
       3.8390762      0.37000000
       6.6682577      0.37000000
       1.9898057      0.37000000
       4.5821415      0.38000000
      0.30454499      0.38000000
       1.2941427      0.38000000
       1.6730627      0.38000000
       2.7047360      0.38000000
       6.9786932      0.38000000
       4.6273814      0.38000000
       6.3524328      0.38000000
       3.9067208      0.38000000
       1.3781189      0.38000000
      0.67480047      0.38000000
       1.5302898      0.38000000
       1.6860258      0.38000000
       5.5478266      0.38000000
       3.2355563      0.38000000
       2.4330431      0.38000000
       1.5963820      0.38000000
       5.0461500      0.38000000
       1.0186945      0.38000000
       3.4334951      0.38000000
      0.50930599      0.38000000
       1.2274184      0.38000000
       4.5772156      0.38000000
       1.2435204      0.38000000
       6.7692295      0.38000000
      0.66889347      0.38000000
       3.6938232      0.38000000
       2.0938679      0.38000000
      0.67128754      0.38000000
       3.8593245      0.38000000
       2.1530395      0.38000000
       3.3862373      0.38000000
       7.7851163      0.38000000
       4.7211424      0.38000000
       6.5747732      0.38000000
      0.27718572      0.38000000
      0.85610959      0.38000000
       4.6195865      0.38000000
       1.3713566      0.38000000
      0.33332349      0.38000000
       2.4097997      0.38000000
       1.3986826      0.38000000
       6.3823257      0.38000000
       3.0376970      0.38000000
       1.4002964      0.38000000
       2.1752045      0.38000000
       2.6693496      0.38000000
       4.3024893      0.38000000
       1.1944648      0.39000000
       1.5737791      0.39000000
       4.4999180      0.39000000
      0.74902041      0.39000000
       1.7402128      0.39000000
       3.1500068      0.39000000
      0.28108248      0.39000000
       1.0416131      0.39000000
       1.5222633      0.39000000
      0.74519430      0.39000000
       5.8783683      0.39000000
       1.9232070      0.39000000
       5.3364778      0.39000000
       8.3359466      0.39000000
       5.3287780      0.39000000
       3.6078498      0.39000000
       3.9693660      0.39000000
       4.4620078      0.39000000
      0.24517677      0.39000000
       4.7613154      0.39000000
       2.9539170      0.39000000
       4.7473964      0.39000000
      0.97986581      0.39000000
       2.5617537      0.39000000
       1.9982564      0.40000000
       3.5735526      0.40000000
       7.3252540      0.40000000
       6.8778154      0.40000000
       1.4034916      0.40000000
       4.0254166      0.40000000
      0.25070297      0.40000000
       2.7780660      0.40000000
      0.24244732      0.40000000
       1.0758267      0.40000000
      0.99561021      0.40000000
      0.57657928      0.40000000
       2.3678006      0.40000000
       1.7405119      0.40000000
       1.4280963      0.40000000
       2.4064368      0.40000000
       6.6604169      0.40000000
      0.87352224      0.40000000
       1.1538298      0.40000000
       1.0428648      0.40000000
       1.5246451      0.40000000
       2.8337552      0.40000000
       2.4625228      0.40000000
       2.2772650      0.40000000
       2.5963469      0.40000000
       5.9149851      0.40000000
       2.6198235      0.40000000
       3.0007216      0.40000000
       4.2415672      0.40000000
      0.80980338      0.40000000
       5.8247887      0.40000000
      0.91662503      0.40000000
       1.2372783      0.40000000
       3.4047255      0.40000000
       1.5242329      0.40000000
       2.3068233      0.40000000
       1.8398427      0.40000000
      0.90271870      0.40000000
      0.71518870      0.40000000
      0.69567999      0.40000000
       2.0229175      0.41000000
       2.9264807      0.41000000
      0.73902533      0.41000000
       3.3113424      0.41000000
      0.71586801      0.41000000
      0.93665791      0.41000000
       5.5813709      0.41000000
       1.5851926      0.41000000
       3.6758014      0.41000000
       1.9333876      0.41000000
       1.9933370      0.41000000
       4.5282646      0.41000000
       2.4032835      0.41000000
       1.0973988      0.41000000
       1.8046424      0.41000000
       4.0033886      0.41000000
       4.8084472      0.41000000
       2.1855894      0.41000000
      0.66357835      0.41000000
       9.8645775      0.41000000
       2.8892190      0.41000000
       5.2461410      0.41000000
       4.0970382      0.41000000
       2.3823939      0.41000000
      0.38617832      0.41000000
       6.9522202      0.41000000
       2.7151210      0.41000000
       2.8793278      0.41000000
       3.4517517      0.41000000
       4.3759515      0.41000000
      0.46202158      0.41000000
       2.8916382      0.41000000
       1.1491971      0.42000000
       2.6273686      0.42000000
       2.6786272      0.42000000
      0.99552785      0.42000000
       4.5421560      0.42000000
       4.5309129      0.42000000
       6.2692744      0.42000000
       2.3715741      0.42000000
       1.0749273      0.44000000
       2.1063064      0.44000000
       1.2219648      0.44000000
      0.28727551      0.44000000
       1.3641890      0.44000000
       1.2040190      0.44000000
       1.4296728      0.44000000
      0.97989911      0.44000000
       6.4625201      0.44000000
      0.43701011      0.44000000
       5.0354195      0.44000000
       4.2745921      0.44000000
       1.3897887      0.44000000
       1.8390999      0.44000000
       2.1627863      0.44000000
       3.0723588      0.44000000
       2.4478543      0.44000000
       1.2248656      0.44000000
      0.88607297      0.44000000
       1.2675235      0.44000000
       1.1141599      0.44000000
       1.2537220      0.44000000
      0.92820149      0.44000000
       10.253076      0.44000000
       2.8779082      0.45000000
       2.1959216      0.45000000
       2.3251183      0.45000000
       1.1995624      0.45000000
      0.94744495      0.45000000
       2.9396019      0.45000000
       3.3175969      0.45000000
       1.8430869      0.45000000
       1.2937971      0.45000000
      0.29327044      0.45000000
       1.5326068      0.45000000
      0.29952178      0.45000000
      0.94749407      0.45000000
       4.0653142      0.45000000
       2.1616701      0.45000000
       1.1615163      0.45000000
       4.1946822      0.45000000
      0.73307508      0.45000000
      0.62181038      0.45000000
       3.0400162      0.45000000
       2.6112892      0.45000000
       1.1135543      0.45000000
       1.6751476      0.45000000
       1.3166819      0.45000000
       3.9804591      0.45000000
       1.8535976      0.45000000
       1.6954174      0.45000000
       4.5631828      0.45000000
       1.2662742      0.45000000
       3.2315791      0.45000000
      0.52756769      0.45000000
       1.5051023      0.45000000
      0.89988598      0.45000000
       1.2652713      0.45000000
       2.8817369      0.45000000
       4.1934214      0.45000000
      0.84031125      0.45000000
       2.0655153      0.45000000
       2.8324408      0.45000000
      0.89366802      0.45000000
       3.0804214      0.47000000
       2.1026888      0.47000000
       3.8211993      0.47000000
      0.74448517      0.47000000
       1.4652916      0.47000000
       4.3485479      0.47000000
       10.062291      0.47000000
       2.1778045      0.47000000
       2.3928994      0.47000000
       1.6528458      0.47000000
       1.0037023      0.47000000
       1.4589485      0.47000000
       1.5431997      0.47000000
       5.5410478      0.47000000
       1.4445266      0.47000000
       1.4253366      0.47000000
       1.8472154      0.47000000
       3.0872578      0.47000000
      0.92484759      0.47000000
      0.38493706      0.47000000
       2.7666456      0.47000000
      0.89137171      0.47000000
       3.1013427      0.47000000
       4.2386122      0.47000000
       3.4600023      0.50000000
       2.3005701      0.50000000
      0.49229503      0.50000000
       1.8279915      0.50000000
      0.50040908      0.50000000
       6.5950547      0.50000000
       3.5693616      0.50000000
       2.6512561      0.50000000
      0.73099579      0.51000000
       2.3290781      0.51000000
       1.9817477      0.51000000
       2.5799696      0.51000000
       1.1601370      0.51000000
       3.7680489      0.51000000
       2.2682896      0.51000000
       2.2306737      0.51000000
       2.0546916      0.51000000
       4.1852084      0.51000000
       2.6044702      0.51000000
       2.3211342      0.51000000
      0.80446440      0.51000000
       1.6945892      0.51000000
       2.8528557      0.51000000
       2.5818428      0.51000000
       4.2542478      0.55000000
       1.7092344      0.55000000
       1.6141400      0.55000000
       1.5668686      0.55000000
      0.88631771      0.55000000
       3.1517752      0.55000000
      0.40754206      0.55000000
       1.5881302      0.55000000
       4.7617278      0.57000000
       2.0670143      0.57000000
       1.7015492      0.57000000
       8.0384941      0.57000000
       3.4333117      0.57000000
       1.9514930      0.57000000
       1.9146090      0.57000000
       1.1311074      0.57000000
       2.0951670      0.58000000
       1.0343850      0.58000000
       1.1311770      0.58000000
       2.1056651      0.58000000
       1.7383282      0.58000000
       3.2695723      0.58000000
       4.8419528      0.58000000
       2.6211334      0.58000000
       1.3378359      0.59000000
       2.6668275      0.59000000
       4.3530721      0.59000000
       1.0555591      0.59000000
       2.8571910      0.59000000
       1.8973395      0.59000000
       1.0350159      0.59000000
       4.9733184      0.59000000
       1.2593224      0.62000000
       1.0771422      0.62000000
       2.7170810      0.62000000
       4.1446668      0.62000000
      0.71517456      0.62000000
       3.2321819      0.62000000
       1.6807792      0.62000000
       2.9138351      0.62000000
       4.3890326      0.62000000
       2.9069756      0.62000000
      0.61263768      0.62000000
       1.3275919      0.62000000
       7.8120838      0.62000000
       3.5555019      0.62000000
       1.8429626      0.62000000
       1.0429385      0.62000000
       1.3024755      0.62000000
       2.2294818      0.62000000
      0.75980945      0.62000000
       2.6368347      0.62000000
       3.0376483      0.62000000
       1.2937739      0.62000000
       1.3809124      0.62000000
      0.88673809      0.62000000
       1.3940372      0.63000000
      0.91870955      0.63000000
       1.1367833      0.63000000
       1.3954118      0.63000000
      0.83278193      0.63000000
       2.8528479      0.63000000
      0.63243831      0.63000000
       4.8846805      0.63000000
       1.0232971      0.63000000
       2.3584378      0.63000000
       3.1777040      0.63000000
       2.2313948      0.63000000
       2.2159718      0.63000000
       1.5125722      0.63000000
       2.2910578      0.63000000
       2.0048705      0.63000000
       2.1329978      0.65000000
       4.3111295      0.65000000
       7.0524596      0.65000000
       1.7741918      0.65000000
       2.1952069      0.65000000
       1.9782136      0.65000000
       2.0594557      0.65000000
       2.2681504      0.65000000
       1.1852974      0.67000000
       2.1228355      0.67000000
      0.72072734      0.67000000
       1.1946522      0.67000000
       2.5922264      0.67000000
       1.4523724      0.67000000
       2.1299228      0.67000000
       1.7382270      0.67000000
      0.87675088      0.67000000
       1.8967287      0.67000000
       2.9409683      0.67000000
      0.89058276      0.67000000
       1.3621430      0.67000000
       3.6872952      0.67000000
       1.8625942      0.67000000
       2.8510935      0.67000000
      0.96947694      0.68000000
       3.4161779      0.68000000
      0.84490075      0.68000000
       4.2205382      0.68000000
       4.4434081      0.68000000
       2.7562284      0.68000000
      0.83237440      0.68000000
       1.6431615      0.68000000
       1.7647921      0.68000000
       3.2069966      0.68000000
       1.5821314      0.68000000
       6.9912217      0.68000000
       5.4652955      0.68000000
       1.1729369      0.68000000
       3.7734916      0.68000000
       2.3915085      0.68000000
       1.5344823      0.68000000
       1.3552380      0.68000000
       1.4938730      0.68000000
       3.6615949      0.68000000
       1.4390932      0.68000000
       2.1393062      0.68000000
      0.74045078      0.68000000
       2.5396415      0.68000000
       3.1553338      0.69000000
       1.1278342      0.69000000
       3.3206218      0.69000000
       3.3679690      0.69000000
       1.3495342      0.69000000
       2.3272995      0.69000000
       2.3849545      0.69000000
       1.6500606      0.69000000
      0.91832060      0.69000000
       1.4908530      0.69000000
       1.2561618      0.69000000
       4.2175772      0.69000000
       1.8228873      0.69000000
       1.3415259      0.69000000
       1.7673708      0.69000000
       2.2460838      0.69000000
       2.3968521      0.73000000
       2.9470589      0.73000000
       2.8269905      0.73000000
       6.1980525      0.73000000
       3.6058602      0.73000000
       2.3955134      0.73000000
       1.9160713      0.73000000
       1.5481160      0.73000000
       1.4603080      0.75000000
       1.0333236      0.75000000
       2.5977898      0.75000000
       2.8113970      0.75000000
       4.1742173      0.75000000
      0.89217292      0.75000000
       1.4642748      0.75000000
       6.1216759      0.75000000
      0.89668666      0.77000000
       2.2570346      0.77000000
       2.0781713      0.77000000
       1.0150627      0.77000000
       3.5384416      0.77000000
       2.1437095      0.77000000
       2.6382544      0.77000000
       1.4154839      0.77000000
       2.9204303      0.80000000
       1.3585766      0.80000000
       1.2597105      0.80000000
       1.2259479      0.80000000
       1.5481761      0.80000000
      0.82207478      0.80000000
       1.8010439      0.80000000
       1.4133140      0.80000000
       2.2525455      0.81000000
       2.3273698      0.81000000
       1.5964095      0.81000000
       3.7781064      0.81000000
       1.1625509      0.81000000
       1.9143074      0.81000000
       2.1626923      0.81000000
       2.6124811      0.81000000
       1.3383292      0.83000000
       2.5031574      0.83000000
      0.96174939      0.83000000
       2.0731447      0.83000000
       2.2304590      0.83000000
       3.2158204      0.83000000
       2.8549078      0.83000000
       3.8748821      0.83000000
       1.3838377      0.83000000
       3.2188293      0.83000000
       2.5379099      0.83000000
       2.5247783      0.83000000
       1.7192989      0.83000000
       1.8529371      0.83000000
      0.54130940      0.83000000
       1.4405594      0.83000000
       1.5875599      0.95000000
       2.7746770      0.95000000
       2.2140600      0.95000000
       2.1553890      0.95000000
       1.7028773      0.95000000
       1.6461438      0.95000000
       2.6474229      0.95000000
       1.5885691      0.95000000
       1.2855005       1.0400000
       2.5306913       1.0400000
       2.5857409       1.0400000
       1.7471113       1.0400000
       2.6609405       1.0400000
       1.8335250       1.0400000
       2.0635980       1.0400000
       2.1009051       1.0400000
       2.0269858       1.0700000
       1.7182787       1.0700000
       1.7653830       1.0700000
       1.8859569       1.0700000
       2.0291234       1.0700000
       2.2762127       1.0700000
       1.2607013       1.0700000
       2.6583346       1.0700000
       1.9295661       1.1100000
       1.4826620       1.1100000
       2.1673359       1.1100000
       3.0096368       1.1100000
       2.2965205       1.1100000
       1.0622934       1.1100000
       1.8303380       1.1100000
       2.7675304       1.1100000
       2.0723047       1.1400000
       2.4318357       1.1400000
       1.1985729       1.1400000
       1.9323671       1.1400000
       2.1863154       1.1400000
       4.9720520       1.1400000
       1.1655653       1.1400000
       1.4392582       1.1400000
       1.6339529       1.1400000
       2.2042840       1.1400000
       2.4237618       1.1400000
       2.4788578       1.1400000
       3.2298921       1.1400000
       2.6702314       1.1400000
       1.6964578       1.1400000
       1.6915007       1.1400000
       1.3393402       1.1500000
       2.5067715       1.1500000
       1.1002953       1.1500000
       1.8988414       1.1500000
       1.4069188       1.1500000
       2.6390446       1.1500000
       1.9397850       1.1500000
       2.9484160       1.1500000
       3.3272795       1.1500000
       2.6034930       1.1500000
       2.0426065       1.1500000
       1.3011610       1.1500000
       1.8710717       1.1500000
       2.4442482       1.1500000
       1.5604090       1.1500000
       2.1980470       1.1500000
       1.6471165       1.1600000
       1.5645737       1.1600000
       1.7430782       1.1600000
       1.5281532       1.1600000
       2.6938748       1.1600000
       2.0796064       1.1600000
       1.4571393       1.1600000
       1.8657998       1.1600000
       1.3066251       1.1700000
       1.9490749       1.1700000
       2.8416714       1.1700000
       2.2270970       1.1700000
       1.7333498       1.1700000
       1.7569233       1.1700000
       1.4678167       1.1700000
       3.3825868       1.1700000
       2.3725185       1.1800000
       2.0306217       1.1800000
       1.7283514       1.1800000
       2.1622849       1.1800000
       2.8035769       1.1800000
       3.1073907       1.1800000
       1.3643290       1.1800000
       1.6708657       1.1800000
      0.88728589       1.1900000
       1.7060196       1.1900000
       1.4900382       1.1900000
       2.0724700       1.1900000
       2.2965195       1.1900000
       1.5043619       1.1900000
       1.7620719       1.1900000
       2.3286094       1.1900000
       1.9853919       1.2200000
       1.7870402       1.2200000
       1.7741142       1.2200000
       1.1210710       1.2200000
       1.7313142       1.2200000
       1.4153277       1.2200000
       1.1650632       1.2200000
       1.6307467       1.2200000
       1.6461516       1.3400000
       2.6324490       1.3400000
       2.5182422       1.3400000
       2.5206259       1.3400000
       2.4789634       1.3400000
       1.8088219       1.3400000
       2.4898539       1.3400000
       2.0371440       1.3400000
       1.7278824       1.3700000
       2.6092296       1.3700000
       2.2527502       1.3700000
       3.1926054       1.3700000
       1.5191395       1.3700000
       2.3858579       1.3700000
       1.9336438       1.3700000
       1.5639016       1.3700000
       2.4387949       1.3800000
       1.7010341       1.3800000
       1.3826633       1.3800000
       3.3682639       1.3800000
       1.8216496       1.3800000
       1.9882764       1.3800000
       1.6702732       1.3800000
       1.2862676       1.3800000
       1.4067414       1.3800000
       1.3494507       1.3800000
       1.2895475       1.3800000
       1.2372402       1.3800000
       3.0124349       1.3800000
       1.6900689       1.3800000
       2.4483857       1.3800000
       1.9127796       1.3800000
       1.6426084       1.4500000
       3.0499338       1.4500000
       2.2284096       1.4500000
       1.9972650       1.4500000
       1.8129841       1.4500000
       3.5468285       1.4500000
       1.5513020       1.4500000
       2.4091326       1.4500000
       2.6882534       1.5000000
       1.8008941       1.5000000
       1.7442253       1.5000000
       2.7511864       1.5000000
       2.1089119       1.5000000
       2.0936637       1.5000000
       2.0450439       1.5000000
       1.4527559       1.5000000
       2.1916780       1.5500000
       3.2765550       1.5500000
       2.4357266       1.5500000
       2.4102603       1.5500000
       2.0672875       1.5500000
       1.5756379       1.5500000
       1.8901179       1.5500000
       2.8291812       1.5500000
       3.4520353       1.7900000
       1.5310510       1.7900000
       1.8367261       1.7900000
       2.0450948       1.7900000
       1.8117492       1.7900000
       1.5900005       1.7900000
       2.3945260       1.7900000
       1.8252774       1.7900000
       2.8304576       1.9300000
       1.6891158       1.9300000
       2.6675820       1.9300000
       2.0941448       1.9300000
       1.9385966       1.9300000
       1.4993976       1.9300000
       1.9431682       1.9300000
       2.1052474       1.9300000
       2.0354989       1.9500000
       2.0584805       1.9500000
       2.2718535       1.9500000
       2.4633889       1.9500000
       2.1495563       1.9500000
       1.7595365       1.9500000
       1.7614576       1.9500000
       1.8538800       1.9500000
       2.2768337       2.0400000
       1.9198633       2.0400000
       1.5498236       2.0400000
       1.7099901       2.0400000
       2.8270490       2.0400000
       1.6204477       2.0400000
       2.0512329       2.0400000
       2.1569573       2.0400000
       2.0812573       2.1300000
       2.0169724       2.1300000
       2.5608883       2.1300000
       2.3345852       2.1300000
       1.9738803       2.1300000
       1.9773480       2.1300000
       2.5977554       2.1300000
       2.3115988       2.1300000
       1.9414946       2.2400000
       1.8005457       2.2400000
       2.5471949       2.2400000
       1.9983595       2.2400000
       2.0941703       2.2400000
       1.7995236       2.2400000
       1.5708665       2.2400000
       1.6907633       2.2400000
       2.0089095       2.3000000
       2.5183456       2.3000000
       2.0007756       2.3000000
       1.7534414       2.3000000
       1.6820566       2.3000000
       1.6794848       2.3000000
       1.7905494       2.3000000
       2.0524389       2.3000000
       1.9006365       2.4200000
       1.2395330       2.4200000
       1.8098095       2.4200000
       2.2957241       2.4200000
       2.2951686       2.4200000
       2.1140642       2.4200000
       2.1456180       2.4200000
       2.0054530       2.4200000
